#BVGraph properties
#Wed Nov 17 23:17:09 CET 2010
compratio=0.335
bitsforblocks=34448359
residualarcs=49439301
version=0
zetak=3
residualexpstats=4505159,4415401,5084526,5423401,5120291,4452054,3624686,2905902,2373702,2014407,1745782,1528741,1357298,1197890,1072767,865622,664971,419193,243820,171242,171756,450
avgref=1.667
residualavggap=15256.258
avgbitsforoutdegrees=10.122
windowsize=7
bitsforintervals=33996056
copiedarcs=48204806
avgbitsforblocks=30.22
bitsperlink=4.994
bitsforresiduals=485474996
bitsforreferences=3334510
avgdist=1.925
successoravgloggap=4.13805876514823
avgbitsforreferences=2.925
successoravggap=11423.849
maxrefcount=3
successorexpstats=53167600,7534582,7001252,6644661,6125219,5385153,4526741,3772444,3177191,2729803,2363489,2042262,1820535,1635757,1542722,1325958,1119489,797173,486930,323356,277139,719
nodes=1139905
compressionflags=
intervalisedarcs=16247220
bitspernode=498.982
arcs=113891327
bitsforoutdegrees=11538403
avgbitsforintervals=29.824
minintervallength=4
graphclass=it.unimi.dsi.webgraph.BVGraph
avgbitsforresiduals=425.891
residualavgloggap=6.253988341603181
