#BVGraph properties
#Wed Nov 17 23:16:01 CET 2010
compratio=0.075
bitsforblocks=42468597
residualarcs=15383710
version=0
zetak=3
residualexpstats=3202549,2197407,1110271,960555,834315,767543,728313,695033,686238,682597,647356,559322,375277,191189,79304,75154,84181,93857,73962,78529,100488,113383,102716,32644
avgref=1.65
residualavggap=117699.301
avgbitsforoutdegrees=6.536
windowsize=7
bitsforintervals=36850856
copiedarcs=154169066
avgbitsforblocks=5.727
bitsperlink=1.457
bitsforresiduals=133301714
bitsforreferences=21771260
avgdist=2.113
successoravgloggap=2.019815458975073
avgbitsforreferences=2.936
successoravggap=31366.704
maxrefcount=3
successorexpstats=162428752,6936824,2887017,2186155,1759455,1707413,1700294,1757332,1798673,1828697,1858861,1701738,1187388,702526,372340,420518,301887,324139,230619,297085,434385,422007,358736,106001
nodes=7414866
compressionflags=
intervalisedarcs=24556535
bitspernode=38.147
arcs=194109311
bitsforoutdegrees=48464986
avgbitsforintervals=4.97
minintervallength=4
graphclass=it.unimi.dsi.webgraph.BVGraph
avgbitsforresiduals=17.978
residualavgloggap=5.588496078556279
